	age	sex	bmi	children	smoker	charges
age	1.0000	-0.0198	0.1093	0.0415	-0.0256	0.2983
sex	-0.0198	1.0000	0.0464	0.0178	0.0766	0.0580
bmi	0.1093	0.0464	1.0000	0.0128	0.0037	0.1984
children	0.0415	0.0178	0.0128	1.0000	0.0073	0.0674
smoker	-0.0256	0.0766	0.0037	0.0073	1.0000	0.7872
charges	0.2983	0.0580	0.1984	0.0674	0.7872	1.0000
